4294967294,0
4294967279,329
4294967278,383
4294967278,318
4294967279,117
4294967279,348
4294967279,109
46,5
4294967278,332
4294967278,324
4294967278,225
4294967278,221
4294967278,217
4294967279,306
4294967279,107
4294967279,221
4294967279,105
4294967279,103
4294967279,83
4294967278,311
4294967279,252
4294967278,310
4294967279,387
4294967279,346
4294967279,318
4294967278,247
4294967294,446
4294967294,444
4294967294,423
4294967294,427
4294967294,80
4294967294,174
4294967294,97
4294967294,166
4294967294,24
4294967294,189
4294967294,184
4294967294,384
4294967294,74
4294967294,1032
4294967294,1031
4294967294,1030
4294967294,1028
4294967294,1027
4294967294,1026
4294967294,1025
4294967294,1024
4294967294,987
4294967294,986
4294967294,985
4294967294,984
4294967294,982
4294967294,980
4294967294,979
4294967294,977
4294967294,973
4294967294,970
4294967294,981
4294967294,456
4294967294,41
4294967294,422
4294967294,401
4294967294,190
4294967294,185
4294967294,182
4294967294,176
4294967294,170
4294967294,162
4294967294,104
4294967294,106
4294967294,169
4294967294,163
4294967294,438
4294967279,245
4294967278,308
4294967279,363
4294967278,233
4294967279,233
4294967278,229
4294967278,227
4294967279,227
41,5
4294967278,223
4294967278,219
4294967279,219
4294967279,217
4294967279,386
4294967278,307
4294967279,385
4294967278,306
4294967279,316
4294967279,315
4294967278,304
4294967279,345
4294967279,205
4294967278,202
27,2
27,5
42,4
42,5
4294967294,474
13,5
4294967294,1153
4294967278,297
4294967278,192
17,5
4294967279,384
15,5
4294967279,305
4294967294,67
4294967279,187
4294967279,186
38,5
4294967279,302
4294967279,358
4294967278,291
36,5
4294967279,215
4294967279,175
4294967279,297
4294967278,287
4294967294,52
4294967279,296
4294967279,353
4294967279,295
4294967279,294
4294967279,371
4294967279,317
4294967294,470
4294967279,163
4294967278,161
4294967279,162
4294967294,107
4294967294,1
4294967279,160
4294967294,16
4294967279,311
4294967279,340
4294967278,283
4294967294,15
4294967294,975
4294967294,971
4294967294,1019
4294967279,339
4294967279,156
4294967294,1152
4294967279,291
4294967279,157
4294967278,349
4294967279,155
4294967279,154
4294967279,153
60,4
4294967278,152
60,3
60,2
60,1
4294967279,152
4294967294,2
4294967294,115
4294967294,1021
4294967294,25
4294967294,1018
4294967294,29
4294967294,28
4294967294,27
4294967294,26
4294967278,151
22,4
4294967294,83
4294967278,358
4294967279,128
4294967279,126
4294967279,125
4294967279,120
4294967279,116
4294967279,115
4294967279,111
4294967279,106
4294967279,98
4294967279,97
4294967279,96
4294967279,95
4294967279,94
4294967279,92
4294967279,61
4294967279,60
4294967279,58
4294967279,56
4294967279,48
4294967279,46
4294967279,44
4294967279,39
4294967279,34
4294967279,30
4294967279,24
4294967279,23
4294967294,991
4294967279,351
4294967278,282
4294967278,346
4294967279,36
4294967278,147
22,5
21,4
21,5
4294967279,35
4294967279,336
4294967278,281
3,2
4294967279,146
4294967279,350
4294967278,330
4294967279,32
4294967279,334
4294967279,289
4294967278,141
4294967278,382
4294967294,1159
4294967278,276
4294967278,134
59,6
59,5
4294967279,136
59,4
59,3
59,2
59,1
4294967279,135
4294967278,274
4294967278,327
4294967278,381
4294967279,275
4294967279,349
4294967278,271
4294967278,273
4294967278,270
4294967294,1158
4294967279,283
4294967278,269
4294967278,380
4294967279,272
4294967278,268
4294967279,367
4294967278,267
4294967278,266
4294967278,264
4294967278,265
4294967278,279
4294967278,356
4294967279,330
4294967278,379
4294967278,262
4294967279,366
4294967278,261
4294967278,322
4294967278,259
4294967279,262
4294967294,387
4294967294,1157
4294967278,258
4294967278,320
4294967279,284
4294967279,261
4294967278,257
4294967279,259
4294967278,277
4294967279,281
4294967279,365
4294967278,355
4294967278,314
4294967279,364
57,6
4294967278,316
57,5
4294967279,326
57,4
4294967278,315
57,3
57,2
57,1
4294967278,354
4294967278,378
4294967279,127
4294967279,322
4294967294,974
4294967294,969
4294967294,983
4294967294,972
4294967294,1029
4294967294,1156
4294967279,255
4294967278,312
4294967279,124
4294967279,254
4294967279,319
4294967278,253
4294967278,353
4294967279,253
4294967278,252
4294967279,122
4294967279,251
4294967278,377
4294967278,248
4294967279,248
4294967278,242
4294967278,246
4294967278,244
4294967278,243
4294967279,244
4294967279,241
4294967278,239
4294967278,237
4294967279,239
4294967294,38
4294967294,37
4294967278,234
4294967278,235
4294967279,112
4294967279,234
4294967279,235
4294967278,232
4294967279,232
4294967279,231
4294967279,228
4294967278,226
4294967279,222
4294967279,226
55,5
55,4
4294967279,224
55,3
55,2
55,1
4294967279,223
4294967278,222
4294967294,40
4294967279,220
4294967294,439
4294967278,218
4294967279,218
4294967278,216
4294967278,215
4294967279,216
4294967294,392
4294967278,214
4294967279,280
4294967278,213
4294967278,305
4294967278,210
4294967279,211
4294967278,209
4294967278,303
4294967279,210
4294967278,208
4294967279,110
4294967279,108
4294967279,313
4294967278,302
4294967278,343
4294967279,383
4294967278,301
4294967279,382
4294967278,300
4294967279,312
